525 4
228 4
206 4
78 4
34 4
37 4
142 4
159 4
144 4
55 4
100 4
66 3
68 4
176 4
121 4
320 4
171 4
412 4
117 3
282 4
162 5
122 4
135 4
177 4
187 4
80 4
119 4
379 4
88 4
9 2
27 4
139 4
54 4
247 4
12 4
348 4
67 4
278 4
66 3
146 4
77 4
56 4
71 4
165 4
303 5
76 4
33 4
263 4
37 4
13 4
356 5
87 4
167 4
194 4
182 4
164 4
81 4
85 4
85 4
54 4
64 4
72 4
162 4
99 4
64 4
169 4
31 3
41 3
338 4
65 4
98 4
133 4
30 2
164 4
87 4
101 4
197 4
123 4
390 4
87 4
89 5
134 4
64 4
351 4
6 2
160 4
54 4
52 4
77 3
190 4
56 4
55 4
312 4
188 4
114 4
57 4
387 4
32 4
317 4
31 4
140 4
54 4
229 4
52 4
201 4
134 4
254 3
67 4
177 4
188 4
193 4
27 4
140 4
178 4
376 4
109 4
86 4
29 3
289 4
30 3
98 4
273 4
138 4
98 4
46 4
219 4
182 4
419 4
218 4
436 4
75 4
68 4
61 4
140 4
168 4
267 4
444 5
82 4
84 4
38 3
205 4
122 4
306 4
110 3
252 4
97 4
178 4
164 4
100 4
71 4
114 4
391 4
80 3
26 4
146 4
168 4
250 4
56 4
119 4
50 4
159 4
134 3
253 4
104 4
200 4
55 4
76 3
280 4
31 4
89 4
422 4
172 4
16 4
323 4
6 2
83 4
32 4
183 4
110 4
36 4
155 4
100 4
78 4
120 4
145 4
276 5
106 4
176 3
178 4
31 4
52 4
70 4
125 4
64 3
73 4
218 4
184 4
241 4
204 4
144 4
54 4
180 4
280 4
234 4
148 4
147 4
217 4
75 4
242 4
118 4
185 4
526 4
348 4
107 4
134 4
34 4
65 4
194 4
170 4
250 4
6 2
31 2
246 4
6 2
162 4
193 4
315 4
175 4
77 4
51 3
53 4
237 4
59 4
32 3
81 4
85 4
393 4
208 4
155 5
238 4
123 5
144 4
59 4
321 4
35 4
374 4
30 2
340 4
484 4
232 4
55 4
99 4
277 4
50 4
161 4
14 4
154 4
196 4
350 4
470 4
58 4
228 4
478 4
5 1
274 4
281 4
131 4
107 4
69 2
37 4
212 4
53 4
226 4
250 4
396 4
113 4
148 4
152 4
8 2
219 4
188 4
54 4
73 5
15 4
197 4
135 4
101 4
156 4
358 4
269 4
352 4
85 4
78 4
49 4
109 4
60 4
86 4
106 4
6 1
173 4
286 4
65 4
121 4
157 4
164 4
183 5
125 4
92 4
246 3
155 4
58 4
179 4
82 4
201 4
199 4
111 4
54 5
96 4
117 3
275 4
293 4
34 4
133 4
87 4
84 4
111 4
249 4
79 4
9 2
390 4
511 4
317 4
34 4
6 2
246 4
127 4
110 4
117 4
29 3
242 4
127 4
79 4
109 4
54 4
58 4
54 3
108 4
574 4
442 4
36 4
284 4
495 4
308 4
59 4
138 4
78 4
296 5
85 4
81 4
118 4
104 5
77 2
232 4
49 4
104 4
90 4
437 4
92 4
534 4
94 4
172 4
107 4
236 4
102 4
335 4
53 4
372 4
83 4
57 4
248 4
104 4
52 3
131 4
65 4
150 4
210 4
113 4
410 5
147 3
132 4
31 4
65 2
235 4
262 4
275 4
96 4
233 4
47 4
80 4
455 4
179 4
215 4
288 4
156 4
93 4
110 5
139 4
193 4
195 4
286 4
150 4
69 3
76 4
82 4
370 4
178 4
126 4
59 4
99 4
136 3
183 3
392 3
120 5
51 4
49 4
110 4
74 4
68 3
483 4
88 4
75 4
106 5
541 4
31 3
39 2
220 4
90 4
185 4
211 4
220 4
101 4
163 4
58 4
124 4
307 4
230 4
285 4
307 4
160 4
61 4
85 4
44 4
54 4
158 4
108 4
232 4
308 4
125 4
203 4
132 4
340 4
111 4
76 4
63 4
101 4
170 4
286 4
89 4
68 4
34 4
207 4
31 3
214 4
148 3
229 4
131 4
361 5
11 4
162 4
83 4
66 4
62 4
87 4
249 4
78 3
63 4
94 3
82 4
157 4
72 3
62 2
170 4
77 4
26 4
236 4
30 4
317 4
27 4
153 3
365 5
164 4
106 4
75 4
236 4
61 4
78 4
79 4
135 4
201 4
83 4
87 5
124 4
360 4
36 4
170 4
197 4
114 4
57 4
213 4
142 4
74 4
256 4
37 4
96 4
99 4
65 4
87 4
394 5
13 2
54 3
4 1
316 4
81 4
134 4
62 2
105 4
99 4
185 4
289 4
79 4
157 4
112 1
154 4
56 4
88 4
61 5
210 5
249 4
44 4
67 4
60 4
50 4
37 4
43 4
130 4
181 4
167 4
73 4
217 4
73 2
53 4
94 4
216 4
221 4
112 4
301 4
64 4
282 4
141 4
53 4
248 4
55 4
215 4
459 4
94 4
163 4
130 4
93 4
40 2
356 4
241 4
76 4
198 4
287 4
65 4
134 4
36 4
357 4
123 4
204 4
120 4
87 4
157 4
171 4
114 4
68 2
40 4
64 4
366 5
245 4
31 4
105 4
372 4
95 4
331 4
132 4
68 4
91 3
221 4
63 3
89 4
156 4
118 4
111 1
99 4
88 4
35 4
86 4
238 4
10 2
182 5
182 4
78 4
129 4
193 4
52 4
148 4
32 4
43 4
11 4
58 4
338 4
103 4
101 4
82 4
40 4
318 4
71 4
41 3
57 4
159 4
241 4
194 4
280 4
222 4
144 4
220 4
154 4
207 4
206 4
239 4
226 4
205 4
74 4
171 4
38 3
98 4
178 4
243 4
230 4
255 4
90 4
131 4
53 4
240 4
76 4
228 4
29 2
197 4
257 4
224 4
51 3
129 4
134 5
204 4
104 4
128 4
87 4
162 4
140 4
37 4
489 5
115 4
199 4
210 4
57 4
132 4
316 4
84 4
209 4
264 4
37 4
54 4
119 4
88 4
579 4
172 4
132 4
173 4
88 4
63 4
144 4
104 4
53 3
69 4
236 4
89 4
114 4
121 4
213 4
32 4
10 2
521 4
183 4
215 4
26 2
33 4
396 4
143 4
43 4
76 4
6 2
37 4
88 4
249 4
362 4
58 4
156 4
58 4
349 4
93 4
255 4
70 4
12 3
337 4
292 4
239 4
57 4
180 4
33 3
160 4
148 4
60 4
285 4
61 4
344 4
235 4
64 4
307 4
86 4
180 4
213 4
32 4
162 4
127 4
95 4
68 4
41 4
58 4
47 4
382 4
179 4
33 4
98 4
39 4
85 4
82 5
57 3
129 4
86 4
47 4
581 4
72 4
39 4
281 4
217 4
89 4
102 4
52 4
28 3
20 2
118 4
108 4
29 2
226 4
237 4
171 4
112 4
5 1
214 4
169 4
94 4
297 4
65 4
240 4
75 4
149 5
54 4
279 4
245 4
175 4
102 4
99 4
433 4
53 4
186 4
63 4
46 3
272 4
54 4
84 5
97 3
332 4
171 4
72 4
131 4
215 4
55 4
479 4
161 4
99 4
161 4
128 4
173 4
86 4
133 4
245 4
182 4
339 4
288 4
175 4
214 4
280 4
187 4
53 4
72 4
142 4
313 5
196 4
85 4
345 4
93 4
115 4
34 4
88 5
239 4
31 4
33 4
173 4
54 3
558 4
75 4
86 4
109 4
5 1
90 4
60 2
62 3
115 4
45 4
164 4
85 4
6 2
57 4
200 4
66 4
130 4
373 4
54 4
169 3
179 4
496 4
176 4
145 3
255 4
283 4
53 4
69 4
196 4
205 4
186 4
158 4
77 4
46 4
62 4
149 4
51 3
235 4
68 4
63 4
84 4
116 4
105 4
248 4
100 4
196 4
154 4
248 3
6 2
129 4
277 4
159 4
108 4
375 4
133 4
93 4
67 4
223 4
116 5
89 4
162 4
33 4
278 4
134 4
94 4
61 2
67 4
163 4
232 4
267 4
322 4
36 4
106 4
171 4
56 4
221 4
118 4
28 4
71 4
53 4
151 4
121 4
251 4
46 4
167 4
92 4
209 4
65 4
179 4
161 4
137 4
48 4
118 4
122 4
386 4
9 2
223 4
88 4
35 4
164 4
157 4
560 4
58 4
110 4
131 4
168 4
377 4
117 4
14 4
334 4
132 4
32 4
52 4
141 2
485 4
550 4
160 4
55 4
28 2
120 4
160 4
181 4
71 4
25 2
92 4
48 4
171 4
255 4
229 4
119 4
31 4
130 4
152 4
81 4
342 4
118 4
346 4
34 4
82 4
40 4
177 4
6 1
129 4
112 4
119 4
89 4
49 4
237 4
133 4
175 4
156 4
295 4
8 2
146 4
189 4
253 4
51 4
52 4
224 4
109 4
275 4
101 4
76 3
105 4
52 3
9 2
174 4
141 4
155 4
111 4
6 2
57 4
230 4
87 3
104 4
145 4
35 4
70 3
31 2
49 4
173 4
169 4
485 4
72 4
217 3
67 4
405 4
246 4
38 2
48 4
166 4
57 2
145 4
57 4
179 4
143 4
392 4
163 3
148 4
51 4
166 4
151 4
191 4
62 4
237 4
18 2
87 4
240 4
316 4
37 3
131 4
126 4
25 4
220 4
284 4
57 4
179 5
51 4
56 2
83 4
192 4
190 4
59 4
160 4
169 4
273 3
122 4
106 4
13 4
56 4
179 4
32 3
162 4
266 4
108 4
219 4
254 4
140 4
52 4
51 3
85 4
114 4
129 4
112 4
6 2
226 4
82 4
97 4
184 4
129 4
248 4
55 3
78 4
47 4
344 4
68 4
51 3
127 3
511 4
124 4
68 4
117 4
83 4
80 4
50 4
220 4
225 4
226 4
210 4
235 4
175 4
28 2
90 4
31 2
77 4
366 4
290 4
123 4
34 4
34 4
40 4
111 4
31 4
58 4
83 4
78 4
339 4
33 4
119 4
107 4
141 4
134 4
178 4
44 4
6 2
265 4
38 4
372 4
298 4
157 4
6 2
161 4
102 4
69 4
145 4
105 4
74 2
129 4
51 3
33 2
56 4
437 5
272 4
117 4
194 5
51 3
32 4
96 4
76 4
149 4
186 4
200 4
237 4
172 4
370 4
54 4
98 4
83 4
31 4
104 3
207 4
478 3
331 5
52 4
97 4
152 4
73 4
58 4
178 4
261 4
469 4
68 4
123 4
210 4
162 4
167 4
56 4
27 3
169 4
54 4
114 4
96 4
162 4
206 4
109 4
77 4
325 4
63 4
66 4
74 4
201 4
61 4
241 4
65 2
97 4
87 4
260 4
133 4
217 4
196 4
108 4
82 4
36 4
257 4
108 4
103 4
36 4
6 2
257 4
451 4
78 4
81 4
96 4
148 4
35 4
168 4
104 4
114 4
235 4
28 3
87 4
96 4
255 4
111 1
81 4
169 4
116 4
87 4
69 4
31 3
174 4
86 4
121 4
118 4
67 3
168 4
162 4
78 4
72 4
358 4
35 4
56 4
170 4
222 4
193 4
84 4
351 4
254 4
218 4
65 4
54 4
89 4
23 3
217 4
41 4
72 4
87 4
66 4
66 4
258 4
55 4
178 4
159 4
103 4
359 4
36 4
34 4
117 4
56 4
32 4
58 4
90 4
55 3
147 4
195 4
183 4
55 4
87 4
119 4
208 4
415 4
80 2
287 4
292 4
102 4
306 4
59 3
237 4
217 4
53 4
334 4
194 4
202 4
141 4
55 4
217 4
88 4
38 4
363 4
246 3
223 4
110 4
103 4
66 4
408 4
152 4
156 3
102 4
179 4
63 4
164 4
68 4
84 4
124 4
59 4
78 4
9 2
194 4
87 4
96 4
58 3
51 3
183 4
217 4
135 4
367 4
39 4
33 4
73 4
123 4
319 4
80 4
205 4
12 4
29 4
147 4
112 4
171 4
86 4
145 4
57 4
56 4
255 4
250 4
120 3
58 4
132 4
109 4
33 4
67 3
256 4
200 4
56 4
156 4
280 4
429 4
215 4
9 2
381 4
58 4
269 4
31 2
188 4
391 4
15 4
110 4
292 4
287 4
333 4
336 4
211 4
87 4
84 3
143 4
319 4
136 4
145 4
105 4
278 4
177 4
14 4
162 4
118 4
382 4
29 2
91 4
330 5
29 4
180 4
196 4
219 4
78 4
365 4
53 4
312 4
142 4
194 4
119 4
14 4
192 4
247 4
361 4
238 4
54 4
243 3
385 4
41 4
91 4
198 4
85 4
71 4
97 4
48 4
432 5
140 4
130 4
97 4
106 4
212 4
105 4
53 4
236 4
49 2
162 3
181 4
75 4
131 4
365 4
257 4
21 2
61 4
182 4
54 4
68 4
10 2
77 4
47 4
94 4
58 4
80 4
99 4
84 4
73 4
250 4
107 4
226 4
29 3
178 4
134 4
118 4
71 4
257 4
67 4
107 4
230 4
242 4
91 4
357 4
274 4
83 4
152 4
68 4
250 4
161 4
147 4
73 4
176 4
69 4
142 2
31 4
84 4
128 4
249 4
209 4
176 4
56 4
294 4
90 4
90 4
248 4
56 4
35 4
212 4
126 4
140 2
151 4
74 3
115 4
50 4
365 4
50 4
445 4
115 5
36 4
189 4
78 4
215 4
277 4
62 3
190 4
161 4
75 4
180 4
163 4
394 4
82 4
266 4
316 4
308 4
9 2
169 4
182 4
5 1
186 4
87 4
210 4
231 4
212 4
119 4
33 3
144 4
156 4
93 4
6 2
59 4
312 4
20 2
355 4
179 4
125 4
31 4
500 4
45 4
239 4
197 4
54 4
169 4
94 4
158 4
130 4
152 4
32 4
135 4
170 4
56 4
239 5
355 4
55 4
76 4
96 4
279 4
162 4
82 4
95 4
87 4
140 4
48 3
185 4
66 4
357 4
166 4
127 4
87 4
70 4
214 4
189 4
314 4
69 4
99 4
168 3
180 4
153 4
105 4
93 4
102 4
43 4
199 4
75 4
167 4
359 4
91 4
505 4
86 4
84 4
178 4
149 4
48 4
298 4
110 4
30 4
84 3
163 4
55 4
105 4
149 4
57 4
120 4
63 4
142 4
268 4
148 4
34 2
68 4
239 4
108 5
205 4
7 2
60 4
323 4
153 4
204 4
202 4
233 4
152 4
175 4
315 4
84 4
319 4
159 4
318 4
122 4
142 3
182 4
75 4
212 4
103 4
74 4
300 4
128 4
222 4
116 4
68 4
130 4
400 4
288 4
48 4
294 4
194 4
57 4
54 4
251 4
140 4
133 4
293 4
88 4
118 4
175 4
48 4
90 4
118 4
63 2
200 4
239 4
48 4
36 4
212 4
568 4
126 4
127 4
190 4
194 4
459 4
117 4
74 4
219 4
269 4
87 4
35 4
52 4
164 4
31 3
360 4
9 2
77 4
129 4
127 4
31 4
76 4
115 4
248 4
149 5
86 4
69 4
136 4
30 3
25 4
233 4
68 4
121 4
155 4
99 4
230 4
72 4
157 4
16 3
240 4
163 4
137 4
64 4
42 4
223 4
102 4
181 4
277 4
180 4
65 4
350 4
32 4
70 4
70 4
209 4
209 4
117 4
133 4
200 4
57 4
334 4
59 4
6 2
43 4
61 4
206 4
66 4
124 4
59 4
182 4
47 4
118 4
33 4
136 3
88 3
314 4
80 4
144 4
88 4
69 4
39 4
162 4
257 4
79 3
95 4
334 4
146 4
68 3
109 1
172 4
13 4
6 2
125 4
114 1
232 4
93 4
234 4
5 1
14 4
60 4
74 4
123 4
255 4
162 4
280 3
79 4
70 4
527 4
33 4
210 4
62 4
237 4
200 4
99 4
226 4
34 4
68 4
76 4
239 4
166 4
117 4
172 4
195 4
86 4
110 4
206 5
159 4
39 4
51 4
68 4
288 4
8 3
163 4
91 4
140 4
345 4
95 4
221 4
52 4
166 4
120 4
119 4
37 3
13 4
49 3
72 4
127 3
85 3
240 4
268 4
129 4
176 4
390 5
122 4
212 4
7 3
114 3
219 4
68 4
32 4
356 4
157 4
391 4
148 3
319 4
212 4
178 4
249 4
83 4
181 4
63 4
274 4
69 2
11 4
148 4
148 4
55 4
153 4
98 3
30 4
410 4
78 4
531 5
61 4
101 4
58 4
217 4
80 4
208 4
230 4
330 4
78 4
332 3
216 4
63 3
146 4
321 4
185 4
190 4
187 4
75 4
79 4
184 3
171 4
479 4
155 4
207 4
317 4
195 4
190 4
91 4
163 4
97 4
115 3
222 4
235 4
58 4
34 4
158 4
174 4
36 4
93 4
165 4
140 4
134 3
180 4
32 3
174 4
40 3
110 4
131 4
67 4
17 4
80 4
273 4
63 4
13 4
89 4
467 4
348 4
242 4
62 4
99 4
179 4
53 4
74 4
90 4
58 4
84 4
71 4
166 4
263 4
308 4
9 2
215 4
284 4
28 2
68 4
80 4
226 4
114 4
45 4
287 4
55 4
88 4
145 4
62 4
289 4
182 4
94 4
152 4
259 4
270 4
329 4
197 4
490 4
66 4
108 4
9 2
301 4
55 4
186 4
401 4
494 4
45 4
8 3
305 4
146 4
83 4
49 3
62 4
431 4
146 4
54 4
236 4
276 4
59 3
255 4
163 4
118 4
125 4
216 4
36 4
94 3
66 4
150 4
229 4
52 4
183 4
129 4
138 4
85 4
63 4
171 4
53 4
79 4
103 4
75 4
104 4
35 4
463 4
99 4
5 1
179 4
134 4
97 4
171 4
144 3
116 4
231 4
39 4
87 4
161 4
174 4
72 4
36 4
159 4
76 4
132 4
328 4
319 4
62 4
350 4
276 4
30 3
264 4
58 3
183 4
55 4
76 4
205 4
115 4
170 4
94 4
488 4
174 4
194 4
69 4
250 4
86 4
273 4
91 3
171 4
221 4
71 3
250 4
226 4
62 3
9 2
76 4
134 5
62 4
264 4
68 4
123 4
100 5
204 4
469 4
571 4
389 4
149 4
345 4
58 4
52 4
67 4
502 5
13 4
51 4
138 4
76 4
313 4
345 4
56 4
55 4
13 4
232 4
69 2
103 4
34 4
75 4
46 4
29 4
358 4
83 4
35 4
184 4
54 4
85 4
158 4
81 4
4 1
189 4
178 4
190 4
57 4
109 4
253 4
80 4
65 4
83 4
24 2
147 4
144 4
251 4
72 2
350 4
86 4
11 4
91 4
288 4
49 4
65 4
172 4
24 3
398 4
156 4
252 4
227 4
246 3
132 4
52 5
384 4
102 4
292 4
72 4
129 4
29 2
30 4
366 4
35 4
60 4
26 2
29 2
117 4
54 4
179 4
455 4
86 3
233 4
214 4
52 4
98 4
45 4
96 4
269 4
29 3
403 5
330 4
157 4
133 4
263 4
221 4
59 4
395 4
120 4
212 4
145 4
6 1
141 4
118 4
165 4
253 4
66 4
9 2
105 4
38 4
97 4
165 4
314 4
19 4
169 4
146 4
121 4
588 5
249 4
277 4
109 4
6 2
194 4
105 4
64 4
280 4
175 4
11 4
169 4
53 4
98 4
100 3
475 4
67 4
117 4
62 4
226 4
72 3
100 4
241 4
172 4
156 4
110 4
116 4
32 4
35 4
136 4
91 3
33 4
133 4
141 4
76 4
523 4
2 1
75 4
221 4
281 4
56 4
5 1
178 4
169 4
141 4
346 4
312 4
80 4
228 4
55 4
75 3
236 4
307 4
63 4
177 4
201 4
81 4
116 4
169 3
149 4
131 4
182 4
120 4
196 4
168 4
55 4
31 4
294 4
358 4
69 4
206 4
70 4
216 4
12 4
153 4
383 4
82 4
267 4
32 4
245 4
164 4
115 4
345 5
142 4
333 3
17 4
188 4
274 4
174 4
173 4
192 4
52 2
8 2
130 4
159 4
174 4
87 4
335 4
108 4
300 4
76 4
189 4
207 4
339 4
87 4
13 4
253 4
70 4
171 4
70 4
91 4
119 4
53 3
231 4
192 4
167 4
117 4
65 2
58 4
167 4
124 4
95 4
68 4
65 4
55 4
150 4
144 4
149 4
233 4
313 4
160 4
187 4
273 4
121 4
86 4
78 4
102 4
244 4
50 4
200 4
383 5
139 4
138 4
138 4
239 4
54 4
200 4
202 4
209 4
52 4
208 4
58 3
101 4
5 1
84 3
112 4
78 4
211 4
229 4
121 4
33 4
27 4
326 4
98 4
66 4
107 4
311 4
49 3
207 4
99 4
284 4
211 4
173 4
47 4
326 4
139 4
304 4
366 4
65 4
249 4
127 4
128 4
178 4
119 4
55 4
263 4
205 4
130 4
90 4
149 4
98 4
166 4
205 4
155 5
42 2
102 4
32 3
359 4
85 4
35 4
386 5
180 4
236 4
199 4
78 4
65 4
33 4
187 4
30 4
341 4
36 4
57 4
156 4
38 5
170 4
91 4
136 4
208 4
106 4
3 1
26 3
26 3
356 4
30 4
54 4
36 4
68 3
90 4
84 4
176 4
342 4
250 4
149 4
234 4
145 4
156 4
63 4
232 4
105 4
46 4
180 4
288 4
9 2
63 4
103 4
146 4
90 4
64 3
80 4
79 4
431 5
99 5
369 4
54 4
162 4
93 4
176 4
124 4
353 4
42 4
8 2
551 4
98 4
48 4
122 4
58 4
297 4
86 4
80 4
149 4
106 4
60 5
32 4
73 4
127 4
153 4
78 4
171 4
95 4
335 4
84 4
504 4
72 3
135 4
34 4
219 4
85 4
124 4
66 3
114 4
166 4
298 4
67 4
271 4
132 4
261 4
64 4
84 4
5 1
129 4
249 4
277 4
93 4
82 4
202 4
68 4
325 4
219 4
13 4
238 4
33 4
193 4
133 4
177 4
268 4
121 4
185 4
32 4
52 4
67 4
75 4
267 4
218 4
54 4
121 4
252 4
162 4
55 4
124 4
171 4
48 4
169 4
78 4
33 2
120 4
115 4
119 4
76 4
36 4
108 4
161 4
193 4
13 4
183 4
5 1
56 4
32 4
75 4
42 4
32 4
487 4
228 4
167 4
143 4
311 4
257 4
89 3
16 4
94 4
307 4
235 4
207 4
100 4
104 4
135 3
29 3
33 4
274 4
74 4
165 4
103 4
117 4
59 4
106 4
154 4
218 4
234 3
375 4
57 4
75 4
69 2
178 4
136 3
130 3
127 4
209 4
171 4
359 4
9 2
7 2
6 2
166 4
53 4
208 4
165 4
54 4
153 2
54 4
111 4
146 4
27 4
99 4
130 4
221 4
53 4
161 4
283 4
172 4
86 4
145 4
366 5
127 4
186 4
46 4
112 4
148 4
176 4
130 4
38 4
240 4
34 4
319 4
490 4
37 3
287 4
153 4
151 4
13 4
115 4
182 4
74 4
37 4
245 3
139 4
81 4
98 4
167 4
356 4
105 4
163 4
289 4
52 4
75 4
29 3
143 3
97 4
36 4
89 4
25 3
9 2
5 1
77 4
53 4
280 4
300 4
75 4
174 4
459 4
33 4
340 5
37 4
164 3
171 4
192 4
152 4
196 4
140 4
126 4
481 4
62 4
142 4
259 4
198 4
35 4
273 4
112 4
181 4
76 4
129 4
157 4
1 1
50 3
102 4
82 4
97 4
30 4
168 4
518 4
216 4
56 4
128 5
33 4
400 4
101 4
63 4
157 4
32 4
343 4
162 4
49 4
67 4
156 4
239 4
176 4
105 4
112 1
70 3
59 2
213 4
146 4
108 4
142 4
199 4
7 2
172 4
84 4
54 4
181 4
154 4
350 4
290 4
59 4
175 4
306 4
88 4
56 2
151 4
152 2
62 4
52 3
171 4
170 4
277 4
39 4
216 4
172 4
131 4
78 4
165 4
95 4
56 4
140 3
61 2
141 4
64 4
35 4
330 4
204 4
226 4
55 4
35 3
233 4
217 4
86 3
392 4
59 3
78 4
79 4
33 4
77 3
195 4
155 4
26 4
32 2
100 3
29 2
56 4
112 5
133 4
6 2
56 4
85 4
448 4
235 4
137 4
203 4
177 4
178 4
79 4
378 4
185 4
153 4
254 4
12 4
13 4
176 3
38 4
305 4
17 4
92 4
141 3
295 4
184 4
35 4
28 3
245 4
449 4
75 4
96 4
429 4
190 4
178 4
85 4
121 4
86 4
5 1
52 4
31 4
288 4
182 4
93 4
90 4
51 4
188 4
172 4
320 4
158 4
213 4
70 4
34 4
96 4
275 4
288 4
234 4
55 4
73 4
52 4
419 4
26 2
83 4
80 4
36 4
73 3
146 4
28 3
57 4
90 4
94 3
114 4
195 4
174 4
368 4
128 3
68 4
113 1
126 4
58 4
118 4
162 4
75 4
106 4
221 4
144 4
28 3
345 4
35 4
330 4
92 4
358 4
66 3
172 3
219 4
107 5
283 4
35 4
175 4
113 4
124 4
50 4
84 4
129 4
289 4
171 4
116 4
35 4
304 4
63 4
26 2
318 4
233 4
96 4
194 4
465 4
108 4
438 4
239 4
95 4
189 4
166 4
186 4
383 4
130 3
124 4
223 4
122 4
234 4
64 4
13 4
99 4
171 3
223 4
117 4
30 4
232 4
248 4
91 3
13 4
362 5
223 4
149 5
242 4
14 4
152 3
170 4
284 4
130 4
199 4
122 5
30 3
184 4
303 4
207 4
76 3
200 4
83 4
63 3
305 4
107 4
29 4
276 4
63 4
353 4
95 4
99 3
68 4
63 4
63 4
124 4
29 2
261 4
46 4
32 4
57 4
30 4
46 4
63 4
147 5
123 4
50 4
322 4
316 4
138 4
47 3
21 2
101 4
364 4
185 4
234 4
138 4
204 4
31 4
163 4
105 4
63 4
30 4
76 3
210 4
185 4
189 4
32 2
172 3
160 4
89 4
9 2
123 4
91 4
211 4
117 4
62 4
64 4
11 3
220 4
256 4
69 4
223 4
90 4
63 4
98 4
303 4
17 2
147 4
171 4
68 3
56 4
99 4
110 4
151 4
396 4
69 4
93 4
104 4
50 3
337 4
51 4
6 2
30 4
9 2
36 4
176 4
111 4
153 4
234 4
29 3
131 4
143 4
76 4
414 4
49 3
150 4
235 4
49 4
85 4
400 4
78 4
53 4
134 4
78 4
145 4
296 4
280 4
79 3
368 3
33 4
59 4
182 4
36 4
216 4
80 4
184 4
89 4
435 5
14 4
125 4
33 4
274 4
166 5
192 4
48 3
34 4
50 4
111 4
195 4
124 4
72 4
111 4
56 4
177 4
49 3
142 4
356 4
157 4
129 4
229 4
225 4
81 4
120 3
65 4
57 4
185 4
198 4
32 4
159 4
295 4
26 4
65 4
110 1
123 4
456 4
372 4
46 4
61 3
150 4
18 2
313 4
187 4
137 4
373 4
125 4
353 4
83 4
132 4
241 4
54 4
157 4
72 3
89 4
169 4
54 4
115 4
156 4
170 4
141 4
595 5
125 4
81 4
76 4
83 4
128 4
107 4
37 4
51 4
53 5
46 4
230 4
148 4
35 4
119 4
56 4
165 4
211 4
38 4
300 4
66 4
86 4
172 4
344 4
27 4
85 4
126 4
88 4
129 4
149 4
105 4
110 4
27 2
64 4
96 4
238 4
400 4
35 4
49 4
116 4
244 4
59 4
42 4
69 4
244 4
96 4
264 4
135 3
67 4
145 2
57 5
62 3
118 4
207 4
194 4
72 4
53 4
393 4
102 4
87 4
53 4
56 4
83 4
124 4
216 4
121 4
58 4
68 4
155 4
57 4
6 2
118 4
34 4
158 4
354 4
30 4
232 4
147 4
11 4
36 4
11 2
360 4
122 3
44 4
43 3
126 4
51 4
192 4
109 5
57 4
168 4
118 4
54 4
14 4
97 4
67 4
59 4
64 5
187 4
156 4
171 4
226 4
34 4
203 4
69 2
586 4
238 5
106 4
79 4
46 4
317 4
258 4
276 4
285 5
115 4
247 4
68 4
28 2
69 4
107 4
359 4
96 4
118 4
220 4
439 4
145 4
26 3
13 4
174 4
102 4
80 4
170 4
30 4
106 4
55 4
86 4
163 4
204 4
48 4
49 4
205 4
383 5
53 4
326 4
363 4
236 4
149 4
219 4
183 4
250 4
260 4
456 4
61 4
60 4
374 4
169 4
100 4
97 4
222 4
88 4
317 4
304 4
96 4
153 2
158 4
30 4
143 4
232 4
175 4
156 4
295 4
59 4
75 4
225 4
119 4
381 4
43 3
117 4
233 4
91 4
86 4
275 4
295 4
218 4
55 4
83 4
108 4
236 4
323 4
98 4
191 4
298 4
6 2
139 4
138 4
125 4
7 2
104 4
11 4
169 4
41 2
59 4
67 4
54 4
375 4
61 4
286 4
159 4
175 4
208 4
81 4
99 4
84 4
355 4
110 4
159 4
53 3
90 4
200 4
239 4
194 4
123 4
182 4
54 4
75 4
33 4
183 4
38 4
9 2
333 4
118 4
33 4
108 4
233 4
94 4
169 5
147 4
14 4
96 4
127 4
266 3
12 4
220 4
12 4
176 4
94 4
125 4
340 4
268 4
26 3
200 4
126 4
221 3
318 4
178 4
72 4
28 3
114 4
220 4
144 3
240 4
118 3
376 4
191 3
79 4
256 4
108 4
140 4
362 4
85 4
87 4
213 4
11 3
316 4
238 5
104 5
71 4
47 4
82 4
71 3
73 4
115 4
264 4
36 4
5 1
465 4
510 4
140 4
6 2
228 4
106 4
172 4
249 4
143 4
142 4
53 4
296 4
169 4
106 4
27 4
227 4
298 4
118 4
128 4
28 3
4 1
73 4
66 4
154 4
58 4
171 4
52 4
52 4
170 4
116 3
35 4
282 4
12 4
12 4
199 4
114 4
126 4
30 4
24 4
148 4
49 3
90 4
84 4
262 5
216 4
100 4
317 4
73 4
65 4
119 4
239 4
41 2
157 3
36 4
254 4
171 4
69 4
387 4
65 4
54 4
36 4
208 4
330 4
236 4
138 4
35 4
60 4
156 4
191 4
198 4
65 4
29 4
79 4
326 4
242 3
32 4
111 4
336 5
135 4
64 4
71 4
180 4
96 4
194 4
138 4
32 4
129 4
246 4
44 4
90 4
108 4
6 2
64 4
123 4
119 4
233 4
55 4
52 4
206 4
178 4
79 4
279 4
258 4
83 4
95 4
161 4
102 4
127 4
230 4
124 4
34 4
51 4
230 4
145 4
212 4
231 4
103 4
189 4
61 4
152 4
222 4
81 4
47 4
111 4
83 4
99 4
61 5
266 4
241 4
187 4
34 3
64 4
80 3
44 4
195 4
33 4
64 4
96 4
263 4
109 3
44 4
58 4
207 4
218 4
69 4
1 1
59 4
191 4
102 4
61 4
276 4
8 3
158 4
125 4
327 4
353 4
16 4
114 4
39 2
139 4
131 3
12 4
333 4
328 4
113 3
226 4
85 4
251 4
96 4
182 4
129 4
492 5
130 4
79 3
368 4
99 4
159 4
186 4
207 4
127 4
193 4
200 3
12 4
32 4
79 4
73 3
375 5
84 4
182 4
214 4
56 4
94 4
160 4
34 4
352 4
98 4
172 4
234 4
77 4
88 4
124 4
356 4
14 4
175 4
109 4
123 4
102 2
344 4
232 4
32 3
81 4
135 4
201 4
346 4
123 4
433 4
138 4
385 4
33 4
67 4
167 4
65 4
251 4
58 4
70 4
73 4
226 4
46 4
28 4
52 4
66 4
139 4
52 4
58 4
92 4
103 4
128 3
251 4
256 4
144 4
31 4
30 4
37 4
5 2
62 4
299 4
398 4
173 4
151 4
36 4
28 3
177 4
140 4
73 2
72 3
207 4
159 4
187 4
85 4
30 4
120 4
214 4
119 4
212 4
66 4
34 4
93 4
204 4
31 3
155 3
173 4
219 4
90 4
52 4
112 4
81 5
90 4
176 4
187 4
246 4
35 4
31 4
89 4
550 4
153 4
117 4
140 4
582 4
98 4
245 4
56 4
255 4
59 4
164 4
372 4
262 4
89 4
58 4
150 4
5 1
345 5
142 4
366 4
220 4
19 4
79 4
103 4
118 4
156 4
73 2
11 4
361 4
328 4
179 4
69 5
107 1
21 3
295 4
35 4
236 4
93 4
56 4
196 4
236 4
65 4
81 4
66 4
286 4
116 4
131 4
115 4
59 4
55 4
174 4
184 4
118 4
118 4
62 3
170 4
10 3
53 4
214 4
300 4
142 2
246 4
136 4
125 4
152 4
13 4
58 4
62 4
190 4
185 4
117 4
124 3
195 4
141 4
94 4
86 4
35 4
35 4
38 4
34 4
247 4
193 4
151 4
69 4
13 4
209 4
316 4
219 4
295 5
204 3
86 4
89 4
52 4
101 3
237 4
152 4
226 4
149 4
88 4
102 4
58 4
227 4
94 4
8 3
29 3
85 4
116 4
167 3
101 4
130 4
166 4
266 4
33 4
369 4
58 4
108 4
235 4
54 4
91 4
64 4
17 4
185 4
131 4
141 4
424 4
13 4
191 4
238 4
55 4
35 4
45 4
127 4
158 4
297 4
112 3
124 4
269 4
64 4
73 2
224 4
63 3
151 4
457 4
83 4
154 4
26 4
594 4
160 4
26 4
155 4
198 4
117 4
31 3
194 4
488 4
90 4
282 4
274 4
332 4
109 4
35 4
96 4
106 4
536 4
174 3
14 4
97 4
238 4
118 4
313 4
11 4
315 4
59 4
79 4
351 4
319 4
110 4
116 4
298 4
299 3
70 3
88 4
96 4
486 4
179 4
184 4
113 4
42 3
51 4
112 1
36 4
218 4
9 2
34 3
174 4
129 4
117 4
178 4
460 4
57 4
56 4
322 4
131 4
251 4
147 4
225 4
88 4
400 4
62 3
254 4
100 4
73 4
22 4
62 4
100 4
252 4
57 4
142 4
128 4
23 3
82 4
225 4
161 4
298 4
57 4
9 2
74 4
202 4
120 4
34 4
55 4
29 2
157 4
155 4
144 4
214 4
105 4
95 4
255 4
526 4
56 4
140 4
324 4
374 4
179 4
55 4
98 4
156 4
124 4
10 3
35 4
134 4
97 4
145 4
183 4
335 4
213 4
157 4
13 4
35 4
114 4
59 2
129 4
522 5
372 4
435 4
224 4
199 4
112 4
6 2
68 4
429 4
196 4
261 4
65 4
64 4
65 4
25 3
67 4
29 4
328 4
63 4
58 3
200 4
227 4
388 4
57 4
55 4
117 4
97 4
393 4
30 4
12 4
178 4
93 4
192 4
63 4
56 4
172 4
138 4
37 4
107 4
246 4
40 4
50 4
71 4
266 4
99 4
12 4
48 4
61 4
176 4
158 4
304 4
265 4
182 4
26 4
280 4
236 4
62 4
169 4
215 4
272 4
76 4
135 4
245 4
28 2
124 4
244 4
137 4
247 4
80 3
121 4
92 4
95 4
119 4
12 4
14 2
119 4
174 4
305 4
126 4
166 4
75 4
62 4
86 4
199 4
52 3
356 4
303 4
40 4
14 4
87 4
349 4
343 4
136 4
146 4
173 4
243 4
195 4
77 4
58 4
115 4
92 4
352 4
166 4
11 3
191 4
200 4
138 4
30 4
395 4
117 4
174 4
221 4
51 4
165 4
30 3
74 4
69 4
167 4
218 4
91 3
177 4
79 4
140 4
214 4
73 4
152 2
42 4
253 4
245 4
162 4
53 4
97 4
53 4
37 4
161 4
13 4
71 4
79 4
257 4
78 4
238 4
30 4
175 4
30 4
219 4
287 4
118 4
12 4
39 5
167 4
126 3
126 4
97 4
9 2
216 4
84 4
126 4
368 4
48 4
55 4
82 4
53 4
116 4
27 2
200 4
229 4
142 4
72 4
350 4
169 4
55 3
104 4
366 4
50 4
58 4
183 4
109 4
56 4
111 5
4 1
362 4
65 4
61 2
32 4
490 4
254 4
130 3
254 4
150 4
165 5
63 3
92 4
1 1
78 3
301 4
88 4
81 4
230 4
6 2
108 4
133 4
130 4
107 1
144 4
114 3
255 4
234 4
53 4
161 4
238 4
199 4
164 4
35 3
120 4
172 4
163 4
89 3
203 4
30 4
225 4
29 2
152 4
266 4
269 4
90 4
211 4
190 4
65 4
158 4
297 4
195 4
76 4
85 4
163 4
89 4
31 4
83 4
154 4
99 4
146 4
130 4
62 4
25 2
96 4
252 4
341 4
164 4
67 4
146 4
418 4
86 4
76 4
277 4
61 4
240 4
58 4
91 4
127 4
172 4
238 4
61 4
9 2
122 4
232 4
293 4
185 4
13 2
265 4
385 4
37 4
159 4
59 4
233 4
110 4
37 4
63 4
91 4
130 4
434 4
30 4
59 2
148 3
312 4
75 4
191 4
287 4
134 4
56 4
32 2
334 4
76 4
57 4
272 4
78 4
367 4
81 4
232 3
223 4
354 4
52 4
111 4
108 5
191 4
97 3
245 4
86 4
252 4
154 4
250 4
268 4
101 4
13 2
15 4
58 3
48 4
267 4
84 3
5 1
56 4
30 4
238 4
257 4
276 4
33 4
126 4
158 4
31 4
217 4
197 4
136 5
85 4
275 4
155 4
277 4
166 4
62 4
31 4
176 4
10 4
298 5
551 5
144 4
71 4
380 4
262 4
33 4
33 2
53 4
127 4
217 3
283 4
40 4
244 4
163 4
108 4
211 4
270 4
117 4
93 4
78 5
214 4
126 4
156 4
143 4
73 4
343 4
129 4
232 4
448 4
230 4
140 4
102 4
576 4
147 3
201 4
96 4
130 4
158 4
118 4
193 4
13 4
47 3
373 4
37 4
296 4
14 4
270 4
58 4
87 4
535 4
140 4
82 5
75 4
97 4
53 4
165 4
184 4
113 4
194 4
153 4
167 4
142 4
121 4
85 4
13 4
33 4
34 4
129 4
111 4
291 4
63 4
62 2
316 4
103 4
233 4
74 4
59 4
8 3
94 4
53 4
62 4
106 4
147 4
91 4
349 5
140 4
156 5
270 4
176 4
64 4
48 4
224 4
65 4
136 4
162 4
194 4
87 4
91 4
36 4
180 3
36 4
60 4
116 4
181 4
32 4
82 4
166 4
215 4
174 4
190 4
92 4
86 4
223 4
88 4
96 4
229 4
194 4
146 4
84 4
62 4
226 4
196 4
281 4
33 4
126 4
62 4
150 4
106 4
131 4
59 4
238 4
93 4
323 4
77 4
129 4
74 4
335 4
132 4
66 4
33 4
62 2
218 4
102 4
16 3
154 4
68 4
237 4
30 3
59 4
354 5
160 4
127 4
94 4
174 4
30 3
230 4
322 4
144 3
56 4
135 4
107 4
67 4
152 4
166 4
112 3
32 3
191 4
128 4
235 4
69 4
139 3
71 4
173 4
187 4
197 4
159 4
291 4
159 3
246 4
5 1
12 4
10 3
53 4
58 3
339 4
335 4
157 4
139 4
235 4
125 4
111 4
132 4
386 4
62 4
54 4
51 4
61 4
126 4
303 4
33 3
132 4
76 3
28 3
352 5
405 4
215 4
73 3
192 4
59 4
32 2
251 4
85 4
378 4
96 4
216 4
35 4
562 5
48 4
35 5
51 4
313 4
387 4
202 4
294 4
53 4
115 4
118 4
244 4
54 4
120 4
29 3
66 4
58 4
64 4
54 4
181 4
34 4
48 2
234 4
152 4
288 4
117 3
28 3
252 5
4 1
122 5
192 4
64 4
227 4
230 4
221 4
193 4
118 4
193 4
318 4
118 4
275 4
249 4
144 4
68 4
13 4
287 4
281 4
94 4
176 4
42 4
26 4
31 3
218 4
186 4
222 4
243 4
207 4
136 4
55 4
167 4
98 4
111 4
87 4
31 4
226 4
183 4
193 4
11 4
193 4
54 4
65 4
12 4
165 4
239 4
57 4
46 5
198 4
34 4
182 4
202 4
132 4
222 4
33 4
165 4
33 4
30 4
13 4
224 4
153 4
344 4
219 4
170 3
285 4
163 4
165 4
141 4
157 4
191 4
164 4
415 4
128 4
110 4
260 4
209 4
84 4
400 4
151 4
34 4
77 4
164 4
230 4
391 4
278 4
235 4
31 4
246 4
174 4
28 4
188 4
175 4
377 4
104 4
276 4
169 4
87 4
316 4
63 4
171 4
207 4
344 4
209 4
169 3
14 4
95 4
139 4
202 4
240 4
50 4
66 4
208 4
259 4
281 4
11 4
84 4
141 4
164 4
229 4
148 4
208 4
90 4
34 4
346 4
78 4
179 4
121 4
149 4
99 4
242 4
232 4
307 4
88 4
84 4
37 4
50 4
55 4
102 4
175 3
77 4
95 4
53 3
63 4
41 4
139 4
59 5
28 2
127 4
29 4
5 1
97 4
34 4
71 4
30 3
55 4
83 4
34 4
79 4
195 4
100 4
37 4
81 4
85 4
225 4
12 4
155 4
103 4
177 5
202 4
120 4
179 4
87 4
110 4
177 4
12 4
170 4
359 4
121 4
41 4
204 4
595 4
74 4
84 4
211 4
53 4
87 4
52 4
69 4
57 3
88 4
151 4
319 4
35 4
152 3
72 4
253 4
96 4
320 4
53 3
106 4
7 2
295 4
275 4
207 4
189 4
223 4
115 4
72 4
187 4
127 4
106 4
66 4
229 4
197 4
150 4
209 4
34 4
188 4
173 4
82 5
41 2
189 4
191 4
92 5
184 4
49 4
92 4
146 4
273 4
275 4
83 4
55 4
40 4
270 4
209 4
32 4
304 4
242 4
35 4
152 4
288 4
195 4
219 4
49 4
13 4
173 4
248 4
145 4
38 4
93 4
100 4
89 4
83 4
292 4
232 4
55 4
102 4
171 4
85 4
169 4
105 4
137 4
172 4
216 4
31 2
132 4
55 4
305 4
6 2
242 4
187 4
46 4
214 4
15 4
27 2
71 3
217 4
138 3
250 4
256 4
131 4
176 4
59 3
223 4
76 4
6 2
68 4
175 4
168 3
35 4
76 4
157 4
78 4
91 4
63 4
185 4
88 4
73 4
84 2
88 4
349 4
211 4
13 4
88 4
92 4
73 4
56 4
84 4
6 2
209 4
23 3
52 4
219 4
192 4
157 4
55 4
176 4
154 4
221 4
388 4
130 4
78 4
80 3
209 4
192 4
44 4
329 4
27 4
212 4
76 5
332 4
95 4
55 4
87 4
160 3
113 4
29 4
14 4
164 4
13 4
158 4
273 4
59 4
201 4
278 4
92 4
111 4
35 3
7 2
179 4
75 4
249 4
58 4
248 4
222 4
148 4
63 4
239 4
179 4
167 4
118 4
62 4
9 2
8 1
104 4
180 4
258 4
96 4
120 3
170 4
34 4
182 4
149 4
142 4
61 4
242 4
159 4
170 4
96 4
290 4
195 4
45 4
12 4
68 4
76 4
50 4
64 4
94 4
127 4
341 5
160 4
65 4
32 4
240 4
73 2
226 4
88 4
55 4
310 4
267 4
6 1
321 4
168 4
58 4
358 4
354 4
130 4
36 4
309 4
143 4
177 4
282 4
33 4
277 5
75 4
116 4
174 4
249 4
138 4
246 4
53 4
131 4
233 4
183 4
44 4
175 4
79 4
262 4
194 4
154 4
410 5
31 3
85 4
66 4
8 3
83 4
187 4
144 4
248 4
116 3
151 4
15 4
7 2
109 4
220 4
170 3
74 4
39 4
199 4
273 4
178 4
229 4
97 4
257 4
167 4
357 4
86 4
60 4
174 4
185 4
296 4
221 4
181 4
342 4
153 4
105 4
179 4
68 4
374 4
373 4
236 4
91 3
456 4
29 3
189 4
179 4
399 4
192 4
169 4
91 4
51 4
87 4
241 4
224 4
526 5
125 3
246 4
87 4
47 4
156 2
78 4
138 4
64 3
36 4
171 4
163 4
223 4
65 4
72 4
174 4
141 4
214 4
227 4
99 5
193 4
149 4
208 4
158 3
150 4
75 4
146 3
129 4
64 3
37 4
67 4
58 4
160 4
72 4
165 4
246 4
341 4
96 4
195 4
3 1
178 4
202 4
506 4
180 4
66 3
119 4
146 4
70 4
181 4
25 4
52 4
142 4
30 4
149 4
200 4
233 4
115 4
108 4
124 4
191 4
53 4
69 4
201 4
273 4
40 4
206 4
26 4
106 4
85 4
292 4
38 4
388 4
122 4
96 3
98 4
306 4
81 4
274 4
10 2
80 4
127 4
76 4
51 3
323 5
169 4
31 4
233 4
73 4
390 4
263 4
174 4
73 4
112 4
72 4
49 4
295 4
117 4
53 4
27 3
135 4
318 4
179 4
352 4
118 4
83 4
6 2
68 5
98 4
265 4
191 4
63 4
49 4
92 3
45 4
473 5
59 4
200 4
262 4
119 4
29 4
128 4
67 4
40 4
151 4
187 5
58 4
320 4
71 4
49 3
352 4
141 4
185 4
76 4
91 4
132 4
203 4
276 4
343 4
219 4
73 4
62 4
30 3
70 4
111 4
223 4
58 4
258 4
186 4
218 4
138 4
148 4
104 4
68 2
62 4
87 4
101 5
179 4
261 4
60 4
178 4
60 3
78 4
364 4
151 4
136 4
174 4
54 4
228 4
57 4
232 4
118 4
140 4
65 3
107 4
34 4
189 4
84 4
86 4
81 4
27 3
147 3
174 4
34 4
229 4
462 5
140 4
31 2
138 4
79 4
80 4
104 4
196 4
280 4
374 4
76 5
99 4
165 4
45 4
266 4
272 4
297 4
57 3
176 4
229 4
174 4
120 4
39 5
154 4
52 4
368 4
9 2
190 4
98 4
413 4
213 4
144 4
171 4
337 4
191 4
63 4
438 4
83 4
268 4
77 4
217 4
162 4
238 4
216 4
317 4
29 2
108 4
54 5
99 4
38 4
186 4
85 4
208 4
83 4
220 4
93 4
117 4
166 4
165 4
146 4
77 4
31 4
73 4
34 4
88 4
55 5
67 4
276 4
97 4
107 4
54 4
17 2
185 4
166 4
311 4
170 4
103 4
107 1
242 4
52 3
6 2
143 4
91 4
56 4
33 3
287 4
54 4
245 4
131 3
130 4
229 4
119 4
125 4
32 4
174 4
396 5
213 4
7 2
126 4
88 4
223 4
440 4
256 4
91 4
235 4
109 4
28 4
240 4
31 3
384 4
99 4
589 5
184 4
130 4
39 4
382 4
104 4
47 4
150 4
30 3
188 4
156 4
78 4
12 4
153 2
65 4
306 4
34 4
163 4
43 4
34 4
188 4
433 4
199 4
82 3
324 4
40 4
5 1
53 4
196 4
175 4
79 3
55 4
56 4
190 4
192 4
56 4
208 4
150 4
168 4
393 4
570 4
121 4
55 4
149 4
95 4
312 4
107 4
149 4
33 4
344 4
91 4
110 4
37 4
97 4
128 4
88 4
164 4
264 4
81 4
87 4
351 4
194 4
185 4
55 4
367 4
166 4
45 4
52 4
172 4
123 4
87 4
59 2
74 4
190 4
51 4
224 4
290 4
153 4
314 4
211 4
68 2
58 4
112 4
181 4
65 4
335 4
67 4
36 3
89 4
104 4
201 4
222 4
127 4
62 4
442 4
220 4
400 4
36 3
183 4
100 4
158 4
84 4
75 2
231 4
92 4
54 4
100 4
33 4
411 4
34 4
214 4
58 4
200 4
142 4
357 4
244 4
266 4
62 4
51 4
55 4
53 4
383 4
496 4
286 4
106 4
290 4
84 4
111 4
73 4
118 4
182 4
252 4
114 4
94 4
40 4
9 2
54 4
92 4
128 4
173 4
61 4
109 4
56 4
329 4
132 4
117 4
290 4
196 3
98 4
177 4
235 5
91 3
367 4
52 4
136 4
37 4
48 4
57 3
147 4
32 4
278 4
262 4
182 4
180 4
239 4
205 4
440 4
167 4
182 4
98 4
368 4
113 4
173 5
100 4
63 4
230 4
353 4
151 4
28 3
32 2
166 4
35 4
62 4
289 4
296 4
168 4
161 4
85 5
271 4
251 4
247 4
172 4
236 4
152 4
201 4
26 4
129 4
80 4
140 4
90 4
243 4
250 4
33 4
254 4
46 3
174 4
149 4
182 4
73 4
373 4
54 4
108 4
116 4
124 4
194 4
335 4
362 5
222 4
153 4
224 4
67 5
99 4
34 3
176 4
59 4
153 4
231 4
5 1
99 4
65 4
134 4
65 4
366 4
129 5
316 4
85 4
219 4
132 4
405 4
285 4
174 4
30 4
54 4
76 5
84 4
228 4
24 3
110 4
76 4
294 4
70 4
139 4
86 4
150 4
219 4
26 4
343 4
372 4
56 4
83 4
97 4
53 4
50 3
102 4
44 4
104 4
32 4
168 4
159 4
30 4
85 4
137 4
26 4
276 4
164 4
89 4
91 4
98 4
376 4
87 4
30 4
289 4
234 4
201 4
221 4
29 4
97 4
75 4
119 4
30 3
71 4
125 4
80 4
218 4
155 4
87 4
33 4
286 4
162 4
266 4
57 3
203 4
165 4
149 4
163 4
37 4
176 4
57 4
296 4
80 5
150 4
172 4
175 4
53 4
212 4
63 4
432 4
332 4
344 4
131 4
127 4
337 4
122 4
91 4
96 4
72 4
1 1
212 4
67 4
144 4
35 3
30 4
100 4
183 4
212 4
250 4
85 4
345 4
290 4
46 4
99 4
64 4
176 4
108 4
207 4
256 4
15 4
208 4
273 4
53 3
35 4
122 1
125 4
218 4
160 4
127 4
361 4
50 4
139 4
194 4
75 4
176 4
171 4
65 2
91 4
178 3
6 2
88 4
26 4
101 4
56 4
52 4
33 4
232 4
39 2
75 4
34 4
149 4
62 4
206 4
129 4
53 4
246 4
254 4
176 4
244 4
28 4
335 4
81 4
157 4
138 3
88 4
36 4
129 4
143 4
58 4
122 4
75 4
113 4
244 4
88 4
140 4
62 2
33 4
211 4
427 4
57 4
42 4
142 4
90 4
233 4
380 4
359 5
38 4
73 4
276 4
35 4
34 4
98 4
131 4
33 4
56 4
151 4
110 4
44 4
47 4
144 4
173 4
201 4
196 4
330 5
39 4
11 4
262 4
51 3
207 4
58 3
68 4
99 4
91 4
90 4
97 4
252 4
330 4
131 4
75 4
67 4
90 4
77 4
76 4
116 4
136 4
205 4
200 4
29 4
278 4
165 5
220 4
136 4
196 4
233 4
101 4
122 4
55 4
163 4
9 2
107 4
84 5
216 4
94 4
314 4
313 4
26 4
225 4
27 2
163 4
103 4
106 4
31 3
146 4
54 4
394 4
34 4
210 4
55 4
48 4
68 4
69 4
137 4
163 3
146 4
104 4
112 4
7 2
225 4
278 5
123 4
34 4
132 4
97 4
72 4
81 4
105 4
38 4
120 4
538 4
70 3
90 4
63 4
54 4
204 4
123 4
123 4
56 4
140 4
188 4
87 4
220 4
193 4
32 3
176 4
77 4
48 4
28 3
122 4
197 4
76 4
255 4
337 4
97 4
194 4
97 4
121 4
114 4
35 4
175 4
143 4
294 4
11 2
130 4
64 4
27 4
347 4
167 4
110 4
32 2
149 4
259 4
127 4
238 4
18 2
150 4
205 4
279 4
104 5
151 4
124 4
149 4
225 4
102 4
263 4
45 4
134 3
193 4
170 4
127 4
142 4
65 4
85 4
183 4
125 4
121 4
108 4
288 4
38 4
251 4
13 4
182 4
4 1
157 4
383 4
391 4
249 4
6 2
156 5
58 4
123 4
5 1
89 4
48 4
390 4
32 4
157 3
77 4
437 4
208 4
31 2
107 4
54 4
127 4
44 4
257 4
255 4
265 4
38 4
39 4
87 4
208 4
281 4
33 4
73 4
118 4
141 4
6 2
438 4
104 4
211 4
283 4
107 4
146 4
30 4
254 4
108 4
381 4
176 4
206 4
64 4
197 4
57 3
246 4
344 4
158 4
67 3
67 4
179 4
52 4
170 5
156 3
124 5
151 5
102 4
203 4
188 4
167 4
152 4
65 4
167 4
197 4
56 2
480 4
312 4
369 4
247 4
160 4
289 5
305 4
297 4
242 4
74 4
14 4
307 4
237 4
228 4
126 4
33 4
81 4
160 4
403 4
261 4
28 2
113 4
161 4
105 4
87 3
158 4
5 1
108 4
62 4
94 4
62 3
76 4
27 4
179 4
31 3
272 4
223 4
401 4
410 4
265 4
376 4
136 4
28 3
293 4
48 4
189 4
204 4
21 4
121 4
176 4
337 4
355 4
87 4
101 4
107 4
136 4
40 3
128 4
141 4
70 4
114 4
87 3
13 4
192 4
248 4
162 4
164 4
28 4
83 4
84 4
177 4
98 4
89 4
60 4
50 3
6 2
209 4
234 4
23 3
47 3
373 5
60 3
357 4
50 4
363 4
62 4
16 4
252 4
34 4
58 3
197 4
13 4
58 4
202 4
426 4
146 4
13 4
95 4
199 4
188 4
229 4
5 2
300 5
99 4
197 4
116 4
89 4
266 4
318 4
299 4
75 4
71 4
281 4
27 4
84 4
192 4
79 4
158 4
59 4
103 4
179 4
282 4
71 4
96 4
30 4
32 4
342 4
153 4
25 3
138 4
37 4
70 4
222 4
227 4
97 4
239 4
63 4
64 4
120 4
102 4
125 3
9 2
49 4
334 4
70 4
176 4
221 4
172 4
115 4
182 4
244 4
109 4
286 4
114 4
156 4
240 4
93 4
24 2
355 4
109 4
73 4
83 4
173 4
5 1
57 4
167 4
61 4
92 4
323 4
222 4
146 4
180 4
30 4
31 4
126 4
321 4
51 3
139 4
45 4
152 4
171 4
146 4
28 3
77 4
102 4
209 4
475 4
57 4
57 4
152 4
220 4
151 4
204 4
54 5
59 4
198 4
264 4
130 4
279 4
216 4
318 4
41 4
79 4
35 4
164 4
59 4
180 4
33 4
117 3
54 4
11 4
25 4
157 4
162 4
61 4
7 2
123 4
30 2
165 3
141 4
242 4
142 4
143 4
176 4
89 4
247 4
297 5
25 4
27 4
63 3
435 4
165 3
114 4
54 4
190 4
75 5
47 3
98 4
119 4
233 4
208 4
237 4
74 4
88 4
98 4
110 4
123 4
258 4
83 3
36 4
180 4
88 4
67 4
69 4
90 4
78 4
83 4
381 4
76 4
361 4
59 4
75 4
273 4
174 4
120 4
383 4
195 4
90 4
155 4
122 3
89 4
75 4
69 4
89 4
94 5
144 4
35 4
54 4
35 4
17 2
337 4
278 4
118 4
31 4
101 4
9 2
178 4
14 4
62 4
80 4
71 4
245 4
380 4
9 3
355 4
163 4
86 4
285 4
37 4
138 4
164 4
6 2
68 4
190 4
150 3
76 4
31 4
149 4
54 4
95 4
209 4
99 4
76 4
131 4
58 4
34 4
175 4
219 4
93 4
70 4
274 4
78 4
220 4
250 4
38 4
272 4
30 2
12 4
6 2
188 4
75 4
25 4
108 1
79 4
61 4
170 4
175 4
160 4
166 4
24 2
76 4
58 4
179 4
260 4
384 4
231 4
200 4
44 3
118 4
195 4
54 4
91 4
112 4
233 4
132 4
239 4
118 4
37 4
172 4
130 4
122 4
241 4
344 4
59 4
128 4
358 4
354 4
118 4
39 4
74 4
84 4
266 4
66 4
168 4
103 4
26 4
32 4
35 4
341 4
88 4
146 4
61 2
249 4
304 4
31 4
26 4
195 4
89 4
234 4
175 4
236 4
33 4
226 4
113 4
233 4
75 3
239 4
99 4
109 4
33 4
297 4
121 4
37 4
74 4
216 4
366 4
100 4
94 4
473 4
142 4
35 4
172 4
156 4
93 4
187 5
275 4
166 4
149 4
11 2
139 4
357 4
108 4
72 4
309 4
226 4
149 4
353 4
89 4
66 4
108 4
194 4
187 4
320 4
85 5
157 4
155 4
203 4
25 2
206 4
162 4
123 4
116 4
270 4
172 4
375 4
115 4
385 4
63 4
12 2
219 4
54 4
23 2
106 4
362 4
35 4
86 3
83 4
566 4
41 4
119 4
188 4
12 2
207 4
241 4
205 4
53 4
160 4
185 4
141 4
91 4
168 4
29 4
247 4
182 4
27 2
6 1
291 5
263 4
47 2
36 4
362 4
178 4
6 2
26 4
82 4
95 4
92 3
67 4
99 4
92 4
67 4
95 4
170 4
55 4
69 4
68 4
72 4
136 4
6 2
74 4
256 4
97 4
185 4
158 4
202 4
216 4
174 4
161 4
54 4
69 4
135 4
257 4
210 4
232 4
78 4
94 4
414 4
281 4
58 4
197 4
82 4
116 4
84 4
145 3
272 4
90 4
151 4
54 3
25 2
296 4
88 4
281 4
29 4
119 4
8 3
447 4
29 2
88 4
89 4
157 4
228 4
75 4
211 4
128 4
13 4
64 4
6 2
185 4
230 4
85 3
37 4
151 3
250 5
131 5
195 3
59 4
240 4
95 4
207 4
355 4
196 4
62 4
12 4
245 4
559 3
118 4
107 4
174 4
327 4
55 4
243 4
106 4
179 4
128 4
34 4
278 4
12 4
32 4
72 4
213 4
142 4
142 4
108 4
6 2
160 4
82 4
167 4
58 3
82 4
77 4
108 4
133 4
530 5
69 4
154 4
64 4
33 4
87 4
132 4
90 4
131 3
229 4
206 4
324 4
107 4
87 4
136 3
48 4
111 4
204 4
273 4
90 4
237 4
63 2
334 4
437 4
157 4
79 4
48 4
67 4
84 4
95 4
265 4
159 3
45 4
90 4
159 4
133 3
60 4
92 4
252 4
233 4
147 4
66 4
175 4
295 4
139 4
329 4
33 4
91 4
230 4
94 4
96 4
302 4
103 4
36 4
206 4
37 4
106 4
210 4
160 4
126 4
27 3
245 4
83 4
74 4
75 4
267 5
201 4
381 4
60 4
183 4
214 4
108 5
113 4
34 4
60 4
118 4
226 4
177 4
115 5
63 4
207 4
69 2
35 3
379 4
74 4
77 4
25 2
46 4
94 4
262 5
268 4
106 4
56 4
75 4
261 4
177 4
196 4
328 4
152 4
293 4
89 4
94 4
28 3
128 4
154 4
327 4
53 3
169 4
115 4
164 4
8 2
34 4
131 4
77 4
28 3
58 3
241 4
116 4
99 3
132 4
57 4
106 3
32 4
228 4
109 5
125 5
306 4
223 4
13 4
153 4
277 4
167 4
89 4
222 4
56 4
28 3
371 5
59 4
316 4
58 5
55 4
120 4
114 4
35 4
371 4
137 4
268 4
168 3
277 4
31 4
71 3
271 4
69 2
28 4
55 4
64 2
378 4
198 4
208 4
92 3
287 4
167 4
192 4
62 2
218 4
49 4
13 4
61 4
218 4
27 4
105 4
379 4
163 4
155 4
367 4
97 4
157 4
129 4
215 4
234 4
146 4
352 4
80 4
445 4
77 4
78 4
198 4
84 4
98 4
138 4
107 4
166 4
338 5
49 4
10 2
582 4
85 4
356 4
116 4
382 5
176 4
64 3
46 4
272 4
32 4
43 3
347 4
27 2
87 4
88 5
81 4
107 4
33 4
244 4
142 4
176 4
241 4
177 4
118 4
9 2
215 4
253 4
292 4
395 4
103 4
288 4
191 4
215 4
99 4
148 4
5 1
86 4
220 4
55 4
37 4
76 5
171 4
233 4
90 4
56 4
179 4
430 5
143 4
92 4
123 4
33 4
34 3
118 3
6 2
57 4
74 4
30 4
61 4
104 4
90 4
34 4
6 2
75 4
225 4
28 4
129 4
59 3
156 4
174 4
54 4
345 3
47 4
13 4
58 4
138 4
412 4
489 5
123 4
82 4
92 4
73 4
236 4
223 4
34 4
90 4
81 4
159 4
142 4
89 4
55 4
75 4
13 4
55 4
140 4
343 4
197 4
151 5
29 3
324 4
148 4
67 4
88 4
296 4
66 4
145 4
187 4
55 4
139 4
152 4
157 4
418 4
336 4
130 3
63 2
302 4
34 4
190 4
243 4
233 4
90 4
80 4
35 4
58 4
61 4
496 4
430 4
345 4
37 4
94 4
35 4
152 4
148 3
124 4
32 4
75 4
157 4
80 4
12 4
36 4
148 5
39 4
195 4
76 4
183 3
221 4
33 4
107 4
137 4
65 3
144 4
70 3
170 4
233 4
108 4
59 4
182 4
117 5
95 4
73 4
56 4
81 4
75 4
171 4
11 3
164 4
31 4
88 4
86 4
500 4
40 4
53 4
38 4
191 4
95 4
79 4
36 2
176 4
102 4
52 3
130 3
91 4
223 4
234 4
79 4
9 2
193 4
190 4
224 4
34 4
32 4
117 4
135 3
34 4
133 4
264 4
117 4
521 4
221 4
38 4
184 4
152 4
487 5
93 4
33 3
138 4
161 4
283 4
67 4
34 4
70 4
54 3
71 4
113 4
85 4
165 4
188 4
70 4
107 4
12 4
241 4
146 4
320 4
327 4
183 4
119 4
303 5
193 4
158 2
166 4
168 4
34 4
5 1
232 4
212 4
103 5
184 4
110 4
141 4
83 4
87 4
145 4
460 5
191 4
31 4
151 4
35 4
157 4
62 4
13 4
9 3
206 4
199 4
245 4
93 4
394 4
224 4
101 5
136 3
368 4
153 4
117 4
186 4
367 4
231 4
93 4
157 2
221 3
85 4
191 4
134 4
62 4
287 4
197 4
187 4
82 4
125 4
33 4
108 4
63 4
216 4
144 4
181 4
179 4
167 4
552 4
263 4
284 4
90 4
56 4
170 4
108 4
123 4
170 4
120 4
150 4
231 4
164 4
64 3
245 4
318 4
282 4
50 4
63 4
38 4
31 4
29 3
336 5
59 4
34 4
12 4
103 2
179 4
70 4
216 4
347 4
232 4
133 4
91 4
323 4
90 4
213 5
246 4
277 4
264 4
315 4
165 4
71 4
163 4
112 4
213 4
176 4
136 4
200 4
168 4
146 4
58 4
145 3
167 4
201 5
107 4
232 4
81 3
139 4
135 4
87 4
96 4
45 4
174 4
63 4
112 4
194 4
72 4
425 4
231 4
123 4
89 4
151 4
279 4
141 4
56 4
151 3
259 4
53 3
35 4
78 4
335 4
44 4
86 4
553 4
86 4
152 4
35 4
320 4
70 4
77 4
91 4
96 4
112 4
61 4
183 4
86 4
82 4
182 4
70 4
58 4
84 4
79 4
6 2
172 4
100 4
60 4
354 4
76 4
104 4
60 4
130 3
249 4
138 4
28 2
37 4
60 3
190 4
16 4
135 3
105 4
59 4
374 4
155 4
55 4
85 4
74 4
78 4
103 4
131 4
97 4
90 4
112 4
83 4
71 2
117 4
91 4
69 4
178 4
146 3
69 4
172 4
277 4
187 4
256 4
13 4
101 4
123 4
49 3
221 4
231 4
129 4
152 2
57 4
12 3
30 4
138 4
251 4
125 4
291 4
142 4
135 4
222 4
181 4
134 4
212 4
101 3
194 4
46 4
93 4
111 4
61 4
181 4
159 4
105 3
328 4
180 4
343 4
479 4
122 4
207 4
84 4
199 4
454 4
85 4
229 4
279 4
83 4
56 4
110 5
243 4
75 4
185 4
56 4
165 4
85 4
31 4
54 3
179 4
315 4
468 4
66 4
166 4
74 4
230 4
143 4
337 4
37 4
188 4
155 2
106 4
413 4
282 4
157 4
32 4
42 4
310 4
36 4
32 4
85 4
238 4
290 4
255 4
207 4
229 4
55 4
148 4
104 4
360 4
6 2
65 4
138 4
118 4
224 4
165 4
59 4
331 4
37 4
214 4
34 4
175 4
201 4
201 4
256 4
334 4
33 3
129 4
76 4
228 4
10 2
85 4
142 4
126 4
79 4
111 1
39 4
40 1
95 4
140 4
61 4
98 4
32 4
31 2
296 4
76 4
77 4
69 4
141 4
165 4
53 4
31 4
50 3
59 4
152 4
6 2
104 4
8 3
129 4
67 4
195 4
110 1
70 4
374 4
68 4
59 3
230 4
147 4
175 4
404 4
252 4
124 3
9 2
32 4
13 4
79 4
13 4
6 1
179 4
92 4
51 4
31 4
112 4
366 4
119 4
118 4
254 4
8 2
43 4
30 3
32 4
34 4
200 4
77 4
172 4
235 4
142 4
66 3
313 4
125 4
87 4
166 4
175 4
175 3
57 4
256 4
224 4
388 4
123 4
54 4
132 4
153 3
33 4
66 4
138 4
153 4
85 4
85 3
187 3
534 5
154 4
438 4
191 4
35 4
57 4
293 4
345 4
170 3
223 4
189 4
9 2
118 4
193 4
271 4
18 4
30 3
150 4
226 4
223 4
116 4
153 4
53 4
278 4
134 3
117 3
200 4
172 4
30 2
130 4
183 4
134 4
109 4
234 4
172 4
339 5
34 4
31 4
125 5
99 4
36 4
218 4
36 4
217 4
22 2
175 4
334 4
239 4
250 4
300 4
292 4
367 4
311 4
80 4
178 4
248 4
35 4
28 2
144 4
72 4
34 4
140 3
76 4
95 4
66 4
126 4
207 4
159 4
53 4
198 4
277 4
210 4
132 4
191 4
149 4
189 4
55 4
33 4
42 4
163 4
364 4
369 4
201 4
57 2
329 4
277 4
30 4
83 4
120 5
153 4
112 4
54 4
341 4
132 4
58 4
188 4
85 4
82 4
75 4
86 4
58 4
139 4
56 2
32 3
578 5
360 4
30 3
184 4
177 4
55 4
182 4
83 4
32 4
80 4
117 4
57 4
197 4
34 4
107 4
79 4
65 2
67 4
183 4
151 4
394 4
42 4
32 4
32 3
255 4
70 4
75 4
117 4
61 4
25 4
36 4
178 4
64 4
5 1
63 4
504 4
160 4
135 4
31 3
96 4
46 4
59 5
249 4
151 4
432 4
220 4
231 4
155 4
210 4
19 2
98 4
168 3
33 4
55 4
81 4
287 4
226 4
291 4
187 4
129 4
152 4
153 4
161 4
104 4
172 4
172 4
176 4
207 4
30 4
157 3
541 4
331 4
187 4
153 4
224 4
202 4
59 4
263 4
121 4
97 4
472 4
225 4
217 4
83 4
165 3
135 4
278 4
305 4
33 4
128 4
171 4
468 4
42 3
372 4
59 4
326 4
131 4
63 4
68 4
62 4
299 4
6 1
124 4
205 4
59 4
270 4
127 3
55 4
9 2
57 4
127 4
52 4
274 4
68 4
6 1
88 4
118 4
98 4
57 3
431 4
207 4
427 4
80 4
6 2
46 4
366 4
79 3
107 4
88 4
73 5
342 4
54 3
172 4
93 4
400 4
125 4
534 4
195 4
75 4
69 2
58 4
183 4
165 3
53 4
412 4
6 2
161 4
109 4
24 4
145 4
252 4
159 4
389 4
94 4
184 4
85 3
73 2
206 4
418 4
125 4
29 2
37 4
283 4
115 1
331 4
202 4
28 3
62 4
194 4
54 4
223 4
157 5
384 4
226 4
54 4
75 4
147 4
129 4
131 5
318 4
63 3
90 4
151 5
52 3
86 3
55 4
194 4
54 4
260 4
209 4
74 4
9 3
146 4
162 4
141 3
6 2
141 4
12 4
115 4
205 4
242 4
149 4
63 4
47 3
50 3
172 4
387 4
145 4
208 4
197 4
395 4
27 4
195 4
73 4
159 4
45 4
135 4
158 4
275 4
278 4
68 4
306 4
33 4
146 4
257 4
116 4
135 3
75 4
74 4
162 4
68 4
112 4
129 4
113 4
240 4
147 4
74 4
104 4
13 4
163 4
461 4
7 2
21 2
195 4
72 4
69 4
71 3
148 4
51 4
95 4
112 4
203 4
119 4
238 4
30 4
31 3
87 4
118 4
31 3
424 4
34 4
77 4
245 4
79 4
57 4
273 4
30 4
353 4
33 4
113 4
248 4
146 4
161 4
151 4
33 4
85 4
126 4
48 3
149 4
45 4
273 4
148 4
182 3
230 4
198 4
456 4
133 4
257 4
110 4
68 4
99 4
81 4
328 4
207 4
75 3
415 4
253 4
204 4
300 4
327 4
86 4
15 4
152 4
176 4
134 4
49 3
273 4
399 4
52 3
66 4
402 4
354 4
286 5
147 4
144 4
168 4
80 4
281 4
129 4
150 4
93 4
359 4
72 4
190 4
166 4
10 4
53 4
27 3
230 4
216 4
54 4
238 4
128 4
125 4
4 1
160 4
178 4
220 4
151 4
68 4
359 4
295 4
104 4
179 4
176 4
4 1
58 4
217 4
82 4
344 4
88 3
287 4
96 4
286 4
238 4
314 4
62 4
319 4
201 4
249 4
52 4
108 4
229 4
9 2
161 4
216 4
215 4
187 4
195 4
342 4
151 4
36 4
234 4
71 4
161 3
145 4
76 4
338 4
345 4
95 4
360 3
237 4
395 4
151 4
559 4
70 4
131 4
223 4
188 4
218 4
193 4
32 4
315 4
244 4
31 2
145 4
103 4
201 4
74 4
30 3
113 4
96 4
240 4
214 4
53 4
462 4
33 4
92 4
146 4
50 4
94 4
169 4
120 4
293 4
180 4
65 4
258 4
133 4
348 4
349 4
147 4
35 4
50 4
50 3
56 4
262 4
74 4
91 4
108 4
26 3
15 4
76 4
163 4
98 4
85 4
138 4
215 4
206 4
187 4
115 4
80 4
140 4
299 4
38 4
10 3
21 4
135 4
74 4
38 4
102 4
59 4
278 4
76 3
120 4
297 4
163 4
33 4
124 5
79 4
74 4
110 4
95 4
146 4
234 4
32 2
109 4
237 4
9 2
38 3
231 4
182 4
263 4
273 4
238 4
265 4
119 4
125 3
84 4
178 4
87 4
77 4
237 4
183 4
229 4
159 4
71 3
17 4
126 4
201 4
238 4
66 4
205 4
89 4
91 5
169 4
138 4
85 4
228 4
124 4
87 4
73 4
59 4
258 4
387 4
134 4
471 4
209 4
225 4
347 4
175 4
42 4
49 4
87 4
119 4
145 4
96 4
55 4
63 4
263 4
96 4
95 4
49 4
231 4
145 4
6 2
86 4
61 4
66 4
58 4
52 4
44 4
71 4
227 4
135 4
62 4
192 4
207 4
196 4
98 4
70 4
184 4
198 4
553 4
9 2
58 4
320 4
212 4
35 1
100 4
51 4
6 2
349 4
345 4
99 4
443 5
82 5
229 4
296 4
77 4
180 4
299 4
103 4
473 4
35 4
55 4
110 4
52 4
95 4
22 4
43 4
79 4
255 4
263 4
70 4
181 4
249 3
37 4
182 4
58 4
35 4
118 4
317 4
80 4
24 2
31 2
55 4
297 4
50 4
84 4
104 4
52 4
179 4
75 4
55 4
89 4
142 4
74 4
90 4
129 4
12 4
50 4
241 4
98 4
138 3
75 4
6 2
305 4
59 3
199 4
91 4
212 4
68 4
315 4
371 4
180 4
119 4
66 4
135 3
527 4
207 4
52 4
484 4
123 4
60 4
56 4
54 4
74 4
233 4
34 4
243 4
198 3
471 4
124 4
462 4
452 4
134 4
77 4
162 4
78 4
222 4
244 4
16 4
174 4
34 4
106 4
94 4
242 4
186 4
292 4
286 4
232 4
312 4
244 4
177 4
198 4
200 4
79 4
110 4
76 4
61 4
276 4
113 4
132 3
245 4
339 5
30 3
319 4
129 4
20 4
163 4
106 4
209 4
109 4
154 4
221 4
59 3
170 4
103 4
230 4
95 4
193 4
6 2
8 3
184 4
49 4
152 4
90 4
207 4
257 4
57 4
77 4
225 4
402 4
89 4
35 4
374 4
356 5
73 4
52 4
167 4
293 4
117 4
262 4
53 3
153 4
123 4
193 4
53 4
89 4
182 4
99 4
229 4
162 4
376 4
221 4
170 4
150 4
35 4
56 4
140 4
331 4
126 4
255 4
223 4
104 4
348 4
222 4
205 4
45 4
110 4
118 4
162 4
95 3
198 4
170 4
33 4
283 4
287 4
65 4
168 4
105 4
128 4
13 4
138 4
303 4
46 4
65 4
587 4
186 4
101 4
225 4
221 4
171 4
166 4
67 4
253 4
35 4
362 4
240 4
339 4
230 4
127 4
81 4
113 3
376 4
263 4
96 4
199 4
144 4
6 2
222 4
44 4
107 4
126 4
306 4
196 4
171 4
58 4
57 4
94 4
189 4
136 4
141 4
239 4
35 2
165 4
4 1
141 4
215 3
227 4
63 4
168 4
280 4
86 4
219 4
179 4
124 3
123 4
222 4
125 4
147 4
68 4
9 2
38 4
244 4
70 3
321 4
147 4
147 3
306 4
111 4
358 4
157 4
8 1
58 4
71 2
101 4
56 3
158 4
40 4
127 4
256 4
56 4
36 4
66 4
219 4
54 4
135 4
56 3
286 4
30 2
116 4
257 4
142 4
63 4
71 4
141 4
96 4
53 4
12 4
345 4
26 4
156 4
397 4
78 4
157 4
353 5
80 5
268 4
196 4
33 4
164 4
108 4
121 4
59 4
73 4
167 4
215 4
282 4
176 4
176 4
197 3
396 4
6 2
6 1
53 4
29 4
147 4
241 4
216 4
94 4
123 4
34 4
98 3
50 3
164 4
32 4
67 4
60 4
53 4
181 4
90 4
47 4
479 4
225 4
43 4
4 1
362 4
91 4
212 4
66 4
199 4
102 4
271 4
285 4
435 4
95 4
80 4
33 4
263 4
282 4
206 4
34 4
158 4
120 4
119 4
62 2
26 4
94 4
198 4
192 4
177 4
157 4
197 4
49 3
33 4
124 4
175 4
142 4
171 4
75 4
105 3
103 3
6 2
121 4
97 4
101 4
93 4
300 4
77 4
60 2
33 4
55 4
105 4
269 4
67 4
253 4
95 4
25 4
232 4
34 4
55 4
77 4
106 4
35 4
100 4
89 4
63 4
33 4
99 3
85 4
66 4
239 4
151 4
408 4
29 3
265 4
97 4
5 1
78 4
166 4
194 4
103 4
126 5
69 4
56 4
125 4
110 4
100 4
91 4
148 4
63 4
126 3
386 4
68 4
53 4
69 4
76 4
235 4
66 4
32 4
104 4
56 4
247 4
259 4
236 4
172 4
161 4
124 4
58 4
186 4
154 3
30 4
79 4
142 4
109 4
81 4
140 4
39 4
276 4
61 4
46 4
62 3
194 4
61 4
281 4
119 4
507 4
176 4
112 4
67 4
227 4
175 4
249 4
73 3
183 4
54 4
87 4
212 2
111 4
28 3
185 4
39 4
166 4
42 3
28 4
234 4
159 4
76 4
280 4
174 4
127 3
182 4
410 4
207 4
27 2
308 4
261 4
231 4
81 4
345 4
170 4
325 4
70 4
174 4
65 3
166 4
222 4
163 4
241 4
90 4
21 2
221 5
59 4
130 4
26 4
13 4
237 4
62 2
12 4
139 3
51 3
109 4
193 4
247 4
107 4
63 4
118 4
13 4
125 4
15 4
250 4
119 4
30 4
293 4
161 4
34 4
389 4
243 4
83 4
58 4
40 4
187 4
70 4
108 4
71 4
119 4
212 4
182 4
56 4
27 3
418 4
175 4
279 4
58 3
110 4
12 4
270 4
111 4
234 4
126 4
192 4
576 4
80 4
164 4
58 3
265 4
216 4
30 4
152 4
149 3
462 4
76 4
35 4
445 4
387 4
173 4
90 4
60 4
403 4
29 4
34 4
233 4
32 2
34 3
6 2
119 4
66 4
117 3
245 4
229 4
53 4
170 4
138 4
73 4
161 4
168 4
45 4
6 2
200 4
97 4
41 4
22 2
108 4
236 4
374 4
258 4
383 4
189 4
172 4
75 4
84 4
90 4
300 4
52 4
143 4
352 4
297 4
284 4
36 4
333 4
87 4
84 3
121 4
143 4
220 4
30 4
182 4
196 4
145 4
77 4
43 4
174 4
313 4
24 2
129 4
324 4
27 3
18 2
26 3
9 2
69 4
46 3
56 4
333 4
77 4
142 4
55 3
44 4
349 5
182 4
52 4
32 4
55 4
217 4
73 4
97 4
252 4
342 4
85 4
151 4
138 4
248 4
192 4
174 4
147 4
116 3
54 4
96 4
169 4
30 2
184 3
152 4
128 4
111 4
58 4
33 2
99 4
118 4
156 4
148 4
209 4
44 4
173 4
101 4
257 4
172 4
432 4
174 4
103 4
164 4
227 4
228 4
161 4
66 4
56 4
213 4
334 4
114 4
175 3
43 4
118 3
82 4
318 4
6 2
60 4
135 4
76 4
53 4
257 4
131 4
73 2
8 1
193 4
167 4
107 4
207 4
83 4
61 4
223 4
287 4
37 4
247 4
280 4
72 4
280 4
194 4
124 3
40 4
68 2
134 4
100 4
72 4
294 4
16 4
84 4
163 3
64 3
377 5
247 4
80 4
283 4
57 4
263 4
271 4
156 4
137 4
57 4
193 4
227 4
128 4
81 3
241 4
200 4
67 4
181 3
64 3
135 4
81 4
65 4
112 4
62 4
252 4
122 4
53 4
112 4
175 3
210 4
117 4
74 4
165 4
371 4
39 4
77 4
185 4
36 4
278 4
461 4
145 4
178 4
200 4
35 4
52 4
168 4
31 3
124 4
226 4
32 4
314 4
106 4
241 4
47 4
37 4
11 2
77 4
79 4
149 4
95 4
48 4
88 4
48 4
97 4
53 4
64 3
136 4
6 2
160 5
64 4
297 4
226 4
221 4
32 4
30 4
160 4
214 4
117 3
216 4
150 4
166 4
72 4
77 4
26 3
85 4
55 4
213 4
119 4
36 4
420 4
254 4
154 4
219 4
82 4
35 4
111 4
298 4
84 4
51 3
144 4
116 4
64 4
35 4
126 4
206 4
126 4
27 2
178 4
89 4
333 4
99 4
374 4
37 4
72 3
230 4
38 4
472 4
28 3
14 4
51 4
267 4
123 4
164 4
203 4
401 4
52 4
85 4
203 4
180 4
63 4
501 4
233 4
84 4
196 4
37 4
391 4
285 4
173 4
333 4
69 4
130 4
26 4
70 4
121 4
104 4
101 5
331 4
68 4
26 3
5 1
8 2
154 4
350 4
84 4
99 4
293 4
41 4
37 4
219 4
180 4
12 4
46 4
30 4
63 4
99 4
229 4
111 4
34 4
248 4
107 4
87 4
213 4
227 4
39 4
142 4
234 4
182 4
127 4
109 4
326 4
42 4
243 4
122 4
142 4
91 4
18 2
280 4
49 4
178 4
137 4
55 4
47 3
67 4
217 4
184 4
52 4
356 4
123 4
118 4
130 4
177 4
68 4
339 5
123 4
67 2
6 1
12 4
113 4
155 4
245 4
75 4
77 4
199 4
102 4
177 4
59 3
107 4
293 4
33 4
379 4
148 4
144 4
97 4
71 4
11 4
6 2
49 4
85 4
239 4
149 4
283 4
134 4
443 4
157 4
235 4
61 4
96 4
373 5
103 4
190 4
228 4
149 3
58 4
105 4
70 4
85 4
86 3
54 3
60 4
83 3
323 4
74 3
230 4
51 4
61 4
191 4
326 4
169 4
90 3
195 4
62 4
169 4
27 3
348 4
112 4
205 4
214 4
200 4
153 4
66 4
85 4
80 4
182 4
157 4
185 4
147 4
30 4
35 4
226 4
293 4
65 4
246 4
325 4
194 4
64 4
186 4
177 4
35 4
70 2
409 4
30 4
55 4
124 4
58 3
341 4
178 4
221 4
168 4
139 4
504 4
71 4
96 4
150 4
174 4
30 4
31 2
168 4
209 4
96 4
204 4
130 4
158 4
150 4
198 4
364 4
279 4
76 4
180 4
167 3
139 4
193 4
65 4
124 4
240 4
207 4
283 4
184 4
391 4
246 4
171 4
229 4
120 4
119 4
126 4
163 4
25 4
62 3
171 4
190 4
155 4
60 4
31 2
130 4
141 4
125 4
130 4
82 4
152 4
309 4
129 4
276 4
117 4
77 4
242 4
8 2
176 4
204 4
155 4
120 4
244 4
250 4
138 4
202 4
156 4
6 2
186 4
345 4
14 4
302 4
88 4
60 4
78 4
203 4
167 4
138 4
87 4
353 4
165 3
69 4
38 3
58 4
32 4
283 4
55 4
293 4
99 4
97 4
184 4
155 4
70 4
4 1
542 4
208 4
82 3
47 3
36 4
156 4
140 5
33 4
79 4
91 4
210 3
109 4
119 4
114 4
268 4
27 2
68 4
128 4
153 4
247 4
152 4
31 4
209 4
66 4
87 3
96 4
156 4
34 4
78 4
123 3
170 4
215 4
203 4
180 4
162 4
118 4
196 3
114 4
51 4
190 5
52 4
196 4
233 4
331 4
332 4
223 4
15 4
100 4
339 4
83 4
204 4
196 4
582 4
44 4
128 4
207 4
179 4
83 4
160 4
25 3
79 4
97 4
30 4
115 4
32 4
91 4
34 4
299 5
299 4
85 4
83 4
123 4
121 4
267 4
29 3
153 4
218 4
34 4
329 4
137 3
42 4
221 4
33 4
226 4
31 4
544 4
25 4
188 4
157 3
113 1
332 4
208 4
200 4
138 4
37 4
69 4
55 4
132 4
141 4
236 4
239 4
157 4
73 4
153 4
137 4
167 4
109 4
193 4
93 4
52 4
163 4
324 5
56 4
198 4
393 4
154 3
88 4
16 4
303 4
100 3
377 5
131 4
306 4
208 4
82 3
143 4
89 4
346 4
39 4
181 4
9 2
184 4
226 4
96 4
193 4
103 4
33 4
202 4
32 2
99 4
249 4
64 4
30 2
34 4
70 4
49 3
31 4
73 4
11 4
163 4
5 1
344 5
10 3
48 3
108 4
118 4
50 3
27 2
199 4
250 4
14 4
53 4
76 4
293 4
315 4
321 4
64 4
72 4
173 4
107 4
156 4
39 4
77 4
58 4
5 2
262 4
180 4
203 4
202 4
236 4
309 4
20 2
41 4
46 4
331 4
274 4
12 4
33 4
52 4
43 4
69 4
233 4
54 4
125 3
209 4
298 4
166 3
5 1
81 4
394 4
86 4
109 5
120 4
56 3
195 3
33 4
244 4
79 4
501 5
111 4
75 4
331 4
54 4
35 4
278 4
33 3
85 4
293 4
136 4
116 4
230 4
190 4
68 4
139 4
149 4
248 4
143 2
74 4
248 4
171 4
155 4
344 5
29 2
120 4
151 4
58 4
99 4
71 4
233 4
68 4
97 4
55 4
126 4
74 2
77 4
127 3
82 3
141 4
224 4
335 5
240 4
121 4
178 4
198 4
70 4
34 4
9 2
156 4
89 4
229 4
231 4
137 4
65 4
234 4
364 4
32 4
62 4
359 5
247 4
343 4
156 4
180 4
140 4
84 4
215 4
30 3
72 3
260 4
23 3
87 4
31 3
167 3
142 3
67 4
57 4
370 4
33 4
65 4
33 4
18 2
33 4
360 4
128 4
225 4
239 4
57 4
493 4
77 4
62 4
193 4
86 4
251 4
33 4
85 4
66 4
145 5
78 4
332 4
36 4
91 4
362 4
69 4
141 4
362 4
109 4
117 4
86 4
150 4
104 4
115 4
125 4
169 4
152 4
53 4
217 4
32 4
218 4
42 4
269 4
5 1
364 4
29 3
113 4
222 4
340 4
133 4
32 4
165 4
279 4
6 2
72 4
228 4
307 4
151 4
186 4
110 4
116 4
70 4
192 4
36 3
34 4
197 4
216 4
357 4
80 3
28 4
26 4
272 4
48 4
93 4
59 4
161 4
369 4
180 4
268 4
24 2
28 3
88 4
85 4
17 2
386 4
54 4
31 2
310 4
237 4
190 4
126 4
69 4
99 4
66 4
52 4
74 4
248 4
137 4
37 4
77 4
312 4
58 4
40 4
57 4
199 4
242 4
37 4
60 4
32 4
477 4
286 4
142 4
39 2
40 4
67 4
29 3
189 4
145 5
165 3
29 3
31 4
187 4
78 4
4 1
136 4
338 4
105 3
229 4
